(kicad_pcb (version 20171130) (host pcbnew "(5.0.2)-1")

  (general
    (thickness 1.6)
    (drawings 0)
    (tracks 0)
    (zones 0)
    (modules 113)
    (nets 66)
  )

  (page A4)
  (layers
    (0 F.Cu signal)
    (31 B.Cu signal)
    (32 B.Adhes user)
    (33 F.Adhes user)
    (34 B.Paste user)
    (35 F.Paste user)
    (36 B.SilkS user)
    (37 F.SilkS user)
    (38 B.Mask user)
    (39 F.Mask user)
    (40 Dwgs.User user)
    (41 Cmts.User user)
    (42 Eco1.User user)
    (43 Eco2.User user)
    (44 Edge.Cuts user)
    (45 Margin user)
    (46 B.CrtYd user)
    (47 F.CrtYd user)
    (48 B.Fab user)
    (49 F.Fab user)
  )

  (setup
    (last_trace_width 0.25)
    (trace_clearance 0.2)
    (zone_clearance 0.508)
    (zone_45_only no)
    (trace_min 0.2)
    (segment_width 0.2)
    (edge_width 0.15)
    (via_size 0.8)
    (via_drill 0.4)
    (via_min_size 0.4)
    (via_min_drill 0.3)
    (uvia_size 0.3)
    (uvia_drill 0.1)
    (uvias_allowed no)
    (uvia_min_size 0.2)
    (uvia_min_drill 0.1)
    (pcb_text_width 0.3)
    (pcb_text_size 1.5 1.5)
    (mod_edge_width 0.15)
    (mod_text_size 1 1)
    (mod_text_width 0.15)
    (pad_size 1.524 1.524)
    (pad_drill 0.762)
    (pad_to_mask_clearance 0.051)
    (solder_mask_min_width 0.25)
    (aux_axis_origin 0 0)
    (visible_elements 7FFFFFFF)
    (pcbplotparams
      (layerselection 0x010fc_ffffffff)
      (usegerberextensions false)
      (usegerberattributes false)
      (usegerberadvancedattributes false)
      (creategerberjobfile false)
      (excludeedgelayer true)
      (linewidth 0.100000)
      (plotframeref false)
      (viasonmask false)
      (mode 1)
      (useauxorigin false)
      (hpglpennumber 1)
      (hpglpenspeed 20)
      (hpglpendiameter 15.000000)
      (psnegative false)
      (psa4output false)
      (plotreference true)
      (plotvalue true)
      (plotinvisibletext false)
      (padsonsilk false)
      (subtractmaskfromsilk false)
      (outputformat 1)
      (mirror false)
      (drillshape 1)
      (scaleselection 1)
      (outputdirectory ""))
  )

  (net 0 "")
  (net 1 "Net-(D1-Pad1)")
  (net 2 "Net-(D2-Pad1)")
  (net 3 "Net-(D3-Pad1)")
  (net 4 "Net-(D4-Pad1)")
  (net 5 "Net-(D5-Pad1)")
  (net 6 "Net-(D6-Pad1)")
  (net 7 "Net-(D7-Pad1)")
  (net 8 "Net-(D8-Pad1)")
  (net 9 +5V)
  (net 10 "Net-(D9-Pad1)")
  (net 11 GND)
  (net 12 "Net-(R9-Pad2)")
  (net 13 "Net-(D10-Pad2)")
  (net 14 "Net-(D10-Pad1)")
  (net 15 "Net-(D11-Pad1)")
  (net 16 "Net-(D11-Pad2)")
  (net 17 "Net-(D12-Pad2)")
  (net 18 "Net-(D12-Pad1)")
  (net 19 "Net-(D13-Pad1)")
  (net 20 "Net-(D13-Pad2)")
  (net 21 "Net-(D14-Pad2)")
  (net 22 "Net-(D14-Pad1)")
  (net 23 "Net-(D15-Pad1)")
  (net 24 "Net-(D15-Pad2)")
  (net 25 "Net-(D16-Pad2)")
  (net 26 "Net-(D16-Pad1)")
  (net 27 "Net-(D17-Pad1)")
  (net 28 "Net-(D17-Pad2)")
  (net 29 "Net-(J1-Pad1)")
  (net 30 "Net-(J1-Pad3)")
  (net 31 "Net-(J1-Pad5)")
  (net 32 "Net-(J1-Pad7)")
  (net 33 "Net-(J1-Pad2)")
  (net 34 "Net-(J1-Pad4)")
  (net 35 "Net-(J1-Pad6)")
  (net 36 "Net-(J1-Pad8)")
  (net 37 "Net-(D18-Pad1)")
  (net 38 "Net-(D19-Pad1)")
  (net 39 "Net-(D20-Pad1)")
  (net 40 "Net-(D21-Pad1)")
  (net 41 "Net-(D22-Pad1)")
  (net 42 "Net-(D23-Pad1)")
  (net 43 "Net-(D24-Pad1)")
  (net 44 "Net-(D25-Pad1)")
  (net 45 "Net-(D26-Pad1)")
  (net 46 "Net-(D27-Pad1)")
  (net 47 "Net-(D28-Pad1)")
  (net 48 "Net-(D29-Pad1)")
  (net 49 "Net-(D30-Pad1)")
  (net 50 "Net-(D31-Pad1)")
  (net 51 "Net-(D32-Pad1)")
  (net 52 "Net-(D33-Pad1)")
  (net 53 "Net-(D34-Pad1)")
  (net 54 "Net-(D35-Pad1)")
  (net 55 "Net-(D36-Pad1)")
  (net 56 "Net-(D37-Pad1)")
  (net 57 "Net-(D38-Pad1)")
  (net 58 "Net-(D39-Pad1)")
  (net 59 "Net-(D40-Pad1)")
  (net 60 "Net-(D41-Pad1)")
  (net 61 "Net-(D42-Pad1)")
  (net 62 "Net-(D43-Pad1)")
  (net 63 "Net-(D44-Pad1)")
  (net 64 "Net-(R18-Pad2)")
  (net 65 "Net-(SW10-Pad1)")

  (net_class Default "This is the default net class."
    (clearance 0.2)
    (trace_width 0.25)
    (via_dia 0.8)
    (via_drill 0.4)
    (uvia_dia 0.3)
    (uvia_drill 0.1)
    (add_net +5V)
    (add_net GND)
    (add_net "Net-(D1-Pad1)")
    (add_net "Net-(D10-Pad1)")
    (add_net "Net-(D10-Pad2)")
    (add_net "Net-(D11-Pad1)")
    (add_net "Net-(D11-Pad2)")
    (add_net "Net-(D12-Pad1)")
    (add_net "Net-(D12-Pad2)")
    (add_net "Net-(D13-Pad1)")
    (add_net "Net-(D13-Pad2)")
    (add_net "Net-(D14-Pad1)")
    (add_net "Net-(D14-Pad2)")
    (add_net "Net-(D15-Pad1)")
    (add_net "Net-(D15-Pad2)")
    (add_net "Net-(D16-Pad1)")
    (add_net "Net-(D16-Pad2)")
    (add_net "Net-(D17-Pad1)")
    (add_net "Net-(D17-Pad2)")
    (add_net "Net-(D18-Pad1)")
    (add_net "Net-(D19-Pad1)")
    (add_net "Net-(D2-Pad1)")
    (add_net "Net-(D20-Pad1)")
    (add_net "Net-(D21-Pad1)")
    (add_net "Net-(D22-Pad1)")
    (add_net "Net-(D23-Pad1)")
    (add_net "Net-(D24-Pad1)")
    (add_net "Net-(D25-Pad1)")
    (add_net "Net-(D26-Pad1)")
    (add_net "Net-(D27-Pad1)")
    (add_net "Net-(D28-Pad1)")
    (add_net "Net-(D29-Pad1)")
    (add_net "Net-(D3-Pad1)")
    (add_net "Net-(D30-Pad1)")
    (add_net "Net-(D31-Pad1)")
    (add_net "Net-(D32-Pad1)")
    (add_net "Net-(D33-Pad1)")
    (add_net "Net-(D34-Pad1)")
    (add_net "Net-(D35-Pad1)")
    (add_net "Net-(D36-Pad1)")
    (add_net "Net-(D37-Pad1)")
    (add_net "Net-(D38-Pad1)")
    (add_net "Net-(D39-Pad1)")
    (add_net "Net-(D4-Pad1)")
    (add_net "Net-(D40-Pad1)")
    (add_net "Net-(D41-Pad1)")
    (add_net "Net-(D42-Pad1)")
    (add_net "Net-(D43-Pad1)")
    (add_net "Net-(D44-Pad1)")
    (add_net "Net-(D5-Pad1)")
    (add_net "Net-(D6-Pad1)")
    (add_net "Net-(D7-Pad1)")
    (add_net "Net-(D8-Pad1)")
    (add_net "Net-(D9-Pad1)")
    (add_net "Net-(J1-Pad1)")
    (add_net "Net-(J1-Pad2)")
    (add_net "Net-(J1-Pad3)")
    (add_net "Net-(J1-Pad4)")
    (add_net "Net-(J1-Pad5)")
    (add_net "Net-(J1-Pad6)")
    (add_net "Net-(J1-Pad7)")
    (add_net "Net-(J1-Pad8)")
    (add_net "Net-(R18-Pad2)")
    (add_net "Net-(R9-Pad2)")
    (add_net "Net-(SW10-Pad1)")
  )

  (module LED_THT:LED_D3.0mm (layer F.Cu) (tedit 587A3A7B) (tstamp 64A44A27)
    (at 39.6875 49.276 270)
    (descr "LED, diameter 3.0mm, 2 pins")
    (tags "LED diameter 3.0mm 2 pins")
    (path /64386BBC)
    (fp_text reference D1 (at 1.27 -2.96 270) (layer F.SilkS)
      (effects (font (size 1 1) (thickness 0.15)))
    )
    (fp_text value LED (at 1.27 2.96 270) (layer F.Fab)
      (effects (font (size 1 1) (thickness 0.15)))
    )
    (fp_arc (start 1.27 0) (end -0.23 -1.16619) (angle 284.3) (layer F.Fab) (width 0.1))
    (fp_arc (start 1.27 0) (end -0.29 -1.235516) (angle 108.8) (layer F.SilkS) (width 0.12))
    (fp_arc (start 1.27 0) (end -0.29 1.235516) (angle -108.8) (layer F.SilkS) (width 0.12))
    (fp_arc (start 1.27 0) (end 0.229039 -1.08) (angle 87.9) (layer F.SilkS) (width 0.12))
    (fp_arc (start 1.27 0) (end 0.229039 1.08) (angle -87.9) (layer F.SilkS) (width 0.12))
    (fp_circle (center 1.27 0) (end 2.77 0) (layer F.Fab) (width 0.1))
    (fp_line (start -0.23 -1.16619) (end -0.23 1.16619) (layer F.Fab) (width 0.1))
    (fp_line (start -0.29 -1.236) (end -0.29 -1.08) (layer F.SilkS) (width 0.12))
    (fp_line (start -0.29 1.08) (end -0.29 1.236) (layer F.SilkS) (width 0.12))
    (fp_line (start -1.15 -2.25) (end -1.15 2.25) (layer F.CrtYd) (width 0.05))
    (fp_line (start -1.15 2.25) (end 3.7 2.25) (layer F.CrtYd) (width 0.05))
    (fp_line (start 3.7 2.25) (end 3.7 -2.25) (layer F.CrtYd) (width 0.05))
    (fp_line (start 3.7 -2.25) (end -1.15 -2.25) (layer F.CrtYd) (width 0.05))
    (pad 1 thru_hole rect (at 0 0 270) (size 1.8 1.8) (drill 0.9) (layers *.Cu *.Mask)
      (net 1 "Net-(D1-Pad1)"))
    (pad 2 thru_hole circle (at 2.54 0 270) (size 1.8 1.8) (drill 0.9) (layers *.Cu *.Mask))
    (model ${KISYS3DMOD}/LED_THT.3dshapes/LED_D3.0mm.wrl
      (at (xyz 0 0 0))
      (scale (xyz 1 1 1))
      (rotate (xyz 0 0 0))
    )
  )

  (module LED_THT:LED_D3.0mm (layer F.Cu) (tedit 587A3A7B) (tstamp 64A44A3A)
    (at 44.196 49.276 270)
    (descr "LED, diameter 3.0mm, 2 pins")
    (tags "LED diameter 3.0mm 2 pins")
    (path /643883FF)
    (fp_text reference D2 (at 1.27 -2.96 270) (layer F.SilkS)
      (effects (font (size 1 1) (thickness 0.15)))
    )
    (fp_text value LED (at 1.27 2.96 270) (layer F.Fab)
      (effects (font (size 1 1) (thickness 0.15)))
    )
    (fp_line (start 3.7 -2.25) (end -1.15 -2.25) (layer F.CrtYd) (width 0.05))
    (fp_line (start 3.7 2.25) (end 3.7 -2.25) (layer F.CrtYd) (width 0.05))
    (fp_line (start -1.15 2.25) (end 3.7 2.25) (layer F.CrtYd) (width 0.05))
    (fp_line (start -1.15 -2.25) (end -1.15 2.25) (layer F.CrtYd) (width 0.05))
    (fp_line (start -0.29 1.08) (end -0.29 1.236) (layer F.SilkS) (width 0.12))
    (fp_line (start -0.29 -1.236) (end -0.29 -1.08) (layer F.SilkS) (width 0.12))
    (fp_line (start -0.23 -1.16619) (end -0.23 1.16619) (layer F.Fab) (width 0.1))
    (fp_circle (center 1.27 0) (end 2.77 0) (layer F.Fab) (width 0.1))
    (fp_arc (start 1.27 0) (end 0.229039 1.08) (angle -87.9) (layer F.SilkS) (width 0.12))
    (fp_arc (start 1.27 0) (end 0.229039 -1.08) (angle 87.9) (layer F.SilkS) (width 0.12))
    (fp_arc (start 1.27 0) (end -0.29 1.235516) (angle -108.8) (layer F.SilkS) (width 0.12))
    (fp_arc (start 1.27 0) (end -0.29 -1.235516) (angle 108.8) (layer F.SilkS) (width 0.12))
    (fp_arc (start 1.27 0) (end -0.23 -1.16619) (angle 284.3) (layer F.Fab) (width 0.1))
    (pad 2 thru_hole circle (at 2.54 0 270) (size 1.8 1.8) (drill 0.9) (layers *.Cu *.Mask))
    (pad 1 thru_hole rect (at 0 0 270) (size 1.8 1.8) (drill 0.9) (layers *.Cu *.Mask)
      (net 2 "Net-(D2-Pad1)"))
    (model ${KISYS3DMOD}/LED_THT.3dshapes/LED_D3.0mm.wrl
      (at (xyz 0 0 0))
      (scale (xyz 1 1 1))
      (rotate (xyz 0 0 0))
    )
  )

  (module LED_THT:LED_D3.0mm (layer F.Cu) (tedit 587A3A7B) (tstamp 64A44A4D)
    (at 48.768 49.276 270)
    (descr "LED, diameter 3.0mm, 2 pins")
    (tags "LED diameter 3.0mm 2 pins")
    (path /6438D7AD)
    (fp_text reference D3 (at 1.27 -2.96 270) (layer F.SilkS)
      (effects (font (size 1 1) (thickness 0.15)))
    )
    (fp_text value LED (at 1.27 2.96 270) (layer F.Fab)
      (effects (font (size 1 1) (thickness 0.15)))
    )
    (fp_arc (start 1.27 0) (end -0.23 -1.16619) (angle 284.3) (layer F.Fab) (width 0.1))
    (fp_arc (start 1.27 0) (end -0.29 -1.235516) (angle 108.8) (layer F.SilkS) (width 0.12))
    (fp_arc (start 1.27 0) (end -0.29 1.235516) (angle -108.8) (layer F.SilkS) (width 0.12))
    (fp_arc (start 1.27 0) (end 0.229039 -1.08) (angle 87.9) (layer F.SilkS) (width 0.12))
    (fp_arc (start 1.27 0) (end 0.229039 1.08) (angle -87.9) (layer F.SilkS) (width 0.12))
    (fp_circle (center 1.27 0) (end 2.77 0) (layer F.Fab) (width 0.1))
    (fp_line (start -0.23 -1.16619) (end -0.23 1.16619) (layer F.Fab) (width 0.1))
    (fp_line (start -0.29 -1.236) (end -0.29 -1.08) (layer F.SilkS) (width 0.12))
    (fp_line (start -0.29 1.08) (end -0.29 1.236) (layer F.SilkS) (width 0.12))
    (fp_line (start -1.15 -2.25) (end -1.15 2.25) (layer F.CrtYd) (width 0.05))
    (fp_line (start -1.15 2.25) (end 3.7 2.25) (layer F.CrtYd) (width 0.05))
    (fp_line (start 3.7 2.25) (end 3.7 -2.25) (layer F.CrtYd) (width 0.05))
    (fp_line (start 3.7 -2.25) (end -1.15 -2.25) (layer F.CrtYd) (width 0.05))
    (pad 1 thru_hole rect (at 0 0 270) (size 1.8 1.8) (drill 0.9) (layers *.Cu *.Mask)
      (net 3 "Net-(D3-Pad1)"))
    (pad 2 thru_hole circle (at 2.54 0 270) (size 1.8 1.8) (drill 0.9) (layers *.Cu *.Mask))
    (model ${KISYS3DMOD}/LED_THT.3dshapes/LED_D3.0mm.wrl
      (at (xyz 0 0 0))
      (scale (xyz 1 1 1))
      (rotate (xyz 0 0 0))
    )
  )

  (module LED_THT:LED_D3.0mm (layer F.Cu) (tedit 587A3A7B) (tstamp 64A44A60)
    (at 53.34 49.276 270)
    (descr "LED, diameter 3.0mm, 2 pins")
    (tags "LED diameter 3.0mm 2 pins")
    (path /64392BE3)
    (fp_text reference D4 (at 1.27 -2.96 270) (layer F.SilkS)
      (effects (font (size 1 1) (thickness 0.15)))
    )
    (fp_text value LED (at 1.27 2.96 270) (layer F.Fab)
      (effects (font (size 1 1) (thickness 0.15)))
    )
    (fp_line (start 3.7 -2.25) (end -1.15 -2.25) (layer F.CrtYd) (width 0.05))
    (fp_line (start 3.7 2.25) (end 3.7 -2.25) (layer F.CrtYd) (width 0.05))
    (fp_line (start -1.15 2.25) (end 3.7 2.25) (layer F.CrtYd) (width 0.05))
    (fp_line (start -1.15 -2.25) (end -1.15 2.25) (layer F.CrtYd) (width 0.05))
    (fp_line (start -0.29 1.08) (end -0.29 1.236) (layer F.SilkS) (width 0.12))
    (fp_line (start -0.29 -1.236) (end -0.29 -1.08) (layer F.SilkS) (width 0.12))
    (fp_line (start -0.23 -1.16619) (end -0.23 1.16619) (layer F.Fab) (width 0.1))
    (fp_circle (center 1.27 0) (end 2.77 0) (layer F.Fab) (width 0.1))
    (fp_arc (start 1.27 0) (end 0.229039 1.08) (angle -87.9) (layer F.SilkS) (width 0.12))
    (fp_arc (start 1.27 0) (end 0.229039 -1.08) (angle 87.9) (layer F.SilkS) (width 0.12))
    (fp_arc (start 1.27 0) (end -0.29 1.235516) (angle -108.8) (layer F.SilkS) (width 0.12))
    (fp_arc (start 1.27 0) (end -0.29 -1.235516) (angle 108.8) (layer F.SilkS) (width 0.12))
    (fp_arc (start 1.27 0) (end -0.23 -1.16619) (angle 284.3) (layer F.Fab) (width 0.1))
    (pad 2 thru_hole circle (at 2.54 0 270) (size 1.8 1.8) (drill 0.9) (layers *.Cu *.Mask))
    (pad 1 thru_hole rect (at 0 0 270) (size 1.8 1.8) (drill 0.9) (layers *.Cu *.Mask)
      (net 4 "Net-(D4-Pad1)"))
    (model ${KISYS3DMOD}/LED_THT.3dshapes/LED_D3.0mm.wrl
      (at (xyz 0 0 0))
      (scale (xyz 1 1 1))
      (rotate (xyz 0 0 0))
    )
  )

  (module LED_THT:LED_D3.0mm (layer F.Cu) (tedit 587A3A7B) (tstamp 64A44A73)
    (at 57.912 49.276 270)
    (descr "LED, diameter 3.0mm, 2 pins")
    (tags "LED diameter 3.0mm 2 pins")
    (path /643981AC)
    (fp_text reference D5 (at 1.27 -2.96 270) (layer F.SilkS)
      (effects (font (size 1 1) (thickness 0.15)))
    )
    (fp_text value LED (at 1.27 2.96 270) (layer F.Fab)
      (effects (font (size 1 1) (thickness 0.15)))
    )
    (fp_arc (start 1.27 0) (end -0.23 -1.16619) (angle 284.3) (layer F.Fab) (width 0.1))
    (fp_arc (start 1.27 0) (end -0.29 -1.235516) (angle 108.8) (layer F.SilkS) (width 0.12))
    (fp_arc (start 1.27 0) (end -0.29 1.235516) (angle -108.8) (layer F.SilkS) (width 0.12))
    (fp_arc (start 1.27 0) (end 0.229039 -1.08) (angle 87.9) (layer F.SilkS) (width 0.12))
    (fp_arc (start 1.27 0) (end 0.229039 1.08) (angle -87.9) (layer F.SilkS) (width 0.12))
    (fp_circle (center 1.27 0) (end 2.77 0) (layer F.Fab) (width 0.1))
    (fp_line (start -0.23 -1.16619) (end -0.23 1.16619) (layer F.Fab) (width 0.1))
    (fp_line (start -0.29 -1.236) (end -0.29 -1.08) (layer F.SilkS) (width 0.12))
    (fp_line (start -0.29 1.08) (end -0.29 1.236) (layer F.SilkS) (width 0.12))
    (fp_line (start -1.15 -2.25) (end -1.15 2.25) (layer F.CrtYd) (width 0.05))
    (fp_line (start -1.15 2.25) (end 3.7 2.25) (layer F.CrtYd) (width 0.05))
    (fp_line (start 3.7 2.25) (end 3.7 -2.25) (layer F.CrtYd) (width 0.05))
    (fp_line (start 3.7 -2.25) (end -1.15 -2.25) (layer F.CrtYd) (width 0.05))
    (pad 1 thru_hole rect (at 0 0 270) (size 1.8 1.8) (drill 0.9) (layers *.Cu *.Mask)
      (net 5 "Net-(D5-Pad1)"))
    (pad 2 thru_hole circle (at 2.54 0 270) (size 1.8 1.8) (drill 0.9) (layers *.Cu *.Mask))
    (model ${KISYS3DMOD}/LED_THT.3dshapes/LED_D3.0mm.wrl
      (at (xyz 0 0 0))
      (scale (xyz 1 1 1))
      (rotate (xyz 0 0 0))
    )
  )

  (module LED_THT:LED_D3.0mm (layer F.Cu) (tedit 587A3A7B) (tstamp 64A44A86)
    (at 62.484 49.276 270)
    (descr "LED, diameter 3.0mm, 2 pins")
    (tags "LED diameter 3.0mm 2 pins")
    (path /6439D690)
    (fp_text reference D6 (at 1.27 -2.96 270) (layer F.SilkS)
      (effects (font (size 1 1) (thickness 0.15)))
    )
    (fp_text value LED (at 1.27 2.96 270) (layer F.Fab)
      (effects (font (size 1 1) (thickness 0.15)))
    )
    (fp_arc (start 1.27 0) (end -0.23 -1.16619) (angle 284.3) (layer F.Fab) (width 0.1))
    (fp_arc (start 1.27 0) (end -0.29 -1.235516) (angle 108.8) (layer F.SilkS) (width 0.12))
    (fp_arc (start 1.27 0) (end -0.29 1.235516) (angle -108.8) (layer F.SilkS) (width 0.12))
    (fp_arc (start 1.27 0) (end 0.229039 -1.08) (angle 87.9) (layer F.SilkS) (width 0.12))
    (fp_arc (start 1.27 0) (end 0.229039 1.08) (angle -87.9) (layer F.SilkS) (width 0.12))
    (fp_circle (center 1.27 0) (end 2.77 0) (layer F.Fab) (width 0.1))
    (fp_line (start -0.23 -1.16619) (end -0.23 1.16619) (layer F.Fab) (width 0.1))
    (fp_line (start -0.29 -1.236) (end -0.29 -1.08) (layer F.SilkS) (width 0.12))
    (fp_line (start -0.29 1.08) (end -0.29 1.236) (layer F.SilkS) (width 0.12))
    (fp_line (start -1.15 -2.25) (end -1.15 2.25) (layer F.CrtYd) (width 0.05))
    (fp_line (start -1.15 2.25) (end 3.7 2.25) (layer F.CrtYd) (width 0.05))
    (fp_line (start 3.7 2.25) (end 3.7 -2.25) (layer F.CrtYd) (width 0.05))
    (fp_line (start 3.7 -2.25) (end -1.15 -2.25) (layer F.CrtYd) (width 0.05))
    (pad 1 thru_hole rect (at 0 0 270) (size 1.8 1.8) (drill 0.9) (layers *.Cu *.Mask)
      (net 6 "Net-(D6-Pad1)"))
    (pad 2 thru_hole circle (at 2.54 0 270) (size 1.8 1.8) (drill 0.9) (layers *.Cu *.Mask))
    (model ${KISYS3DMOD}/LED_THT.3dshapes/LED_D3.0mm.wrl
      (at (xyz 0 0 0))
      (scale (xyz 1 1 1))
      (rotate (xyz 0 0 0))
    )
  )

  (module LED_THT:LED_D3.0mm (layer F.Cu) (tedit 587A3A7B) (tstamp 64A44A99)
    (at 67.056 49.276 270)
    (descr "LED, diameter 3.0mm, 2 pins")
    (tags "LED diameter 3.0mm 2 pins")
    (path /643A3184)
    (fp_text reference D7 (at 1.27 -2.96 270) (layer F.SilkS)
      (effects (font (size 1 1) (thickness 0.15)))
    )
    (fp_text value LED (at 1.27 2.96 270) (layer F.Fab)
      (effects (font (size 1 1) (thickness 0.15)))
    )
    (fp_line (start 3.7 -2.25) (end -1.15 -2.25) (layer F.CrtYd) (width 0.05))
    (fp_line (start 3.7 2.25) (end 3.7 -2.25) (layer F.CrtYd) (width 0.05))
    (fp_line (start -1.15 2.25) (end 3.7 2.25) (layer F.CrtYd) (width 0.05))
    (fp_line (start -1.15 -2.25) (end -1.15 2.25) (layer F.CrtYd) (width 0.05))
    (fp_line (start -0.29 1.08) (end -0.29 1.236) (layer F.SilkS) (width 0.12))
    (fp_line (start -0.29 -1.236) (end -0.29 -1.08) (layer F.SilkS) (width 0.12))
    (fp_line (start -0.23 -1.16619) (end -0.23 1.16619) (layer F.Fab) (width 0.1))
    (fp_circle (center 1.27 0) (end 2.77 0) (layer F.Fab) (width 0.1))
    (fp_arc (start 1.27 0) (end 0.229039 1.08) (angle -87.9) (layer F.SilkS) (width 0.12))
    (fp_arc (start 1.27 0) (end 0.229039 -1.08) (angle 87.9) (layer F.SilkS) (width 0.12))
    (fp_arc (start 1.27 0) (end -0.29 1.235516) (angle -108.8) (layer F.SilkS) (width 0.12))
    (fp_arc (start 1.27 0) (end -0.29 -1.235516) (angle 108.8) (layer F.SilkS) (width 0.12))
    (fp_arc (start 1.27 0) (end -0.23 -1.16619) (angle 284.3) (layer F.Fab) (width 0.1))
    (pad 2 thru_hole circle (at 2.54 0 270) (size 1.8 1.8) (drill 0.9) (layers *.Cu *.Mask))
    (pad 1 thru_hole rect (at 0 0 270) (size 1.8 1.8) (drill 0.9) (layers *.Cu *.Mask)
      (net 7 "Net-(D7-Pad1)"))
    (model ${KISYS3DMOD}/LED_THT.3dshapes/LED_D3.0mm.wrl
      (at (xyz 0 0 0))
      (scale (xyz 1 1 1))
      (rotate (xyz 0 0 0))
    )
  )

  (module LED_THT:LED_D3.0mm (layer F.Cu) (tedit 587A3A7B) (tstamp 64A44AAC)
    (at 71.628 49.276 270)
    (descr "LED, diameter 3.0mm, 2 pins")
    (tags "LED diameter 3.0mm 2 pins")
    (path /643A89CA)
    (fp_text reference D8 (at 1.27 -2.96 270) (layer F.SilkS)
      (effects (font (size 1 1) (thickness 0.15)))
    )
    (fp_text value LED (at 1.27 2.96 270) (layer F.Fab)
      (effects (font (size 1 1) (thickness 0.15)))
    )
    (fp_arc (start 1.27 0) (end -0.23 -1.16619) (angle 284.3) (layer F.Fab) (width 0.1))
    (fp_arc (start 1.27 0) (end -0.29 -1.235516) (angle 108.8) (layer F.SilkS) (width 0.12))
    (fp_arc (start 1.27 0) (end -0.29 1.235516) (angle -108.8) (layer F.SilkS) (width 0.12))
    (fp_arc (start 1.27 0) (end 0.229039 -1.08) (angle 87.9) (layer F.SilkS) (width 0.12))
    (fp_arc (start 1.27 0) (end 0.229039 1.08) (angle -87.9) (layer F.SilkS) (width 0.12))
    (fp_circle (center 1.27 0) (end 2.77 0) (layer F.Fab) (width 0.1))
    (fp_line (start -0.23 -1.16619) (end -0.23 1.16619) (layer F.Fab) (width 0.1))
    (fp_line (start -0.29 -1.236) (end -0.29 -1.08) (layer F.SilkS) (width 0.12))
    (fp_line (start -0.29 1.08) (end -0.29 1.236) (layer F.SilkS) (width 0.12))
    (fp_line (start -1.15 -2.25) (end -1.15 2.25) (layer F.CrtYd) (width 0.05))
    (fp_line (start -1.15 2.25) (end 3.7 2.25) (layer F.CrtYd) (width 0.05))
    (fp_line (start 3.7 2.25) (end 3.7 -2.25) (layer F.CrtYd) (width 0.05))
    (fp_line (start 3.7 -2.25) (end -1.15 -2.25) (layer F.CrtYd) (width 0.05))
    (pad 1 thru_hole rect (at 0 0 270) (size 1.8 1.8) (drill 0.9) (layers *.Cu *.Mask)
      (net 8 "Net-(D8-Pad1)"))
    (pad 2 thru_hole circle (at 2.54 0 270) (size 1.8 1.8) (drill 0.9) (layers *.Cu *.Mask))
    (model ${KISYS3DMOD}/LED_THT.3dshapes/LED_D3.0mm.wrl
      (at (xyz 0 0 0))
      (scale (xyz 1 1 1))
      (rotate (xyz 0 0 0))
    )
  )

  (module LED_THT:LED_D3.0mm (layer F.Cu) (tedit 587A3A7B) (tstamp 64A44ABF)
    (at 83.82 49.276 270)
    (descr "LED, diameter 3.0mm, 2 pins")
    (tags "LED diameter 3.0mm 2 pins")
    (path /64480D47)
    (fp_text reference D9 (at 1.27 -2.96 270) (layer F.SilkS)
      (effects (font (size 1 1) (thickness 0.15)))
    )
    (fp_text value LED (at 1.27 2.96 270) (layer F.Fab)
      (effects (font (size 1 1) (thickness 0.15)))
    )
    (fp_line (start 3.7 -2.25) (end -1.15 -2.25) (layer F.CrtYd) (width 0.05))
    (fp_line (start 3.7 2.25) (end 3.7 -2.25) (layer F.CrtYd) (width 0.05))
    (fp_line (start -1.15 2.25) (end 3.7 2.25) (layer F.CrtYd) (width 0.05))
    (fp_line (start -1.15 -2.25) (end -1.15 2.25) (layer F.CrtYd) (width 0.05))
    (fp_line (start -0.29 1.08) (end -0.29 1.236) (layer F.SilkS) (width 0.12))
    (fp_line (start -0.29 -1.236) (end -0.29 -1.08) (layer F.SilkS) (width 0.12))
    (fp_line (start -0.23 -1.16619) (end -0.23 1.16619) (layer F.Fab) (width 0.1))
    (fp_circle (center 1.27 0) (end 2.77 0) (layer F.Fab) (width 0.1))
    (fp_arc (start 1.27 0) (end 0.229039 1.08) (angle -87.9) (layer F.SilkS) (width 0.12))
    (fp_arc (start 1.27 0) (end 0.229039 -1.08) (angle 87.9) (layer F.SilkS) (width 0.12))
    (fp_arc (start 1.27 0) (end -0.29 1.235516) (angle -108.8) (layer F.SilkS) (width 0.12))
    (fp_arc (start 1.27 0) (end -0.29 -1.235516) (angle 108.8) (layer F.SilkS) (width 0.12))
    (fp_arc (start 1.27 0) (end -0.23 -1.16619) (angle 284.3) (layer F.Fab) (width 0.1))
    (pad 2 thru_hole circle (at 2.54 0 270) (size 1.8 1.8) (drill 0.9) (layers *.Cu *.Mask)
      (net 9 +5V))
    (pad 1 thru_hole rect (at 0 0 270) (size 1.8 1.8) (drill 0.9) (layers *.Cu *.Mask)
      (net 10 "Net-(D9-Pad1)"))
    (model ${KISYS3DMOD}/LED_THT.3dshapes/LED_D3.0mm.wrl
      (at (xyz 0 0 0))
      (scale (xyz 1 1 1))
      (rotate (xyz 0 0 0))
    )
  )

  (module Connector_IDC:IDC-Header_2x05_P2.54mm_Vertical (layer F.Cu) (tedit 5EAC9A07) (tstamp 64A44BAA)
    (at 85.852 31.75 180)
    (descr "Through hole IDC box header, 2x05, 2.54mm pitch, DIN 41651 / IEC 60603-13, double rows, https://docs.google.com/spreadsheets/d/16SsEcesNF15N3Lb4niX7dcUr-NY5_MFPQhobNuNppn4/edit#gid=0")
    (tags "Through hole vertical IDC box header THT 2x05 2.54mm double row")
    (path /641F910A)
    (fp_text reference J5 (at 1.27 -6.1 180) (layer F.SilkS)
      (effects (font (size 1 1) (thickness 0.15)))
    )
    (fp_text value "Bot Loader" (at -4.826 8.382 270) (layer F.Fab)
      (effects (font (size 1 1) (thickness 0.15)))
    )
    (fp_line (start -3.18 -4.1) (end -2.18 -5.1) (layer F.Fab) (width 0.1))
    (fp_line (start -2.18 -5.1) (end 5.72 -5.1) (layer F.Fab) (width 0.1))
    (fp_line (start 5.72 -5.1) (end 5.72 15.26) (layer F.Fab) (width 0.1))
    (fp_line (start 5.72 15.26) (end -3.18 15.26) (layer F.Fab) (width 0.1))
    (fp_line (start -3.18 15.26) (end -3.18 -4.1) (layer F.Fab) (width 0.1))
    (fp_line (start -3.18 3.03) (end -1.98 3.03) (layer F.Fab) (width 0.1))
    (fp_line (start -1.98 3.03) (end -1.98 -3.91) (layer F.Fab) (width 0.1))
    (fp_line (start -1.98 -3.91) (end 4.52 -3.91) (layer F.Fab) (width 0.1))
    (fp_line (start 4.52 -3.91) (end 4.52 14.07) (layer F.Fab) (width 0.1))
    (fp_line (start 4.52 14.07) (end -1.98 14.07) (layer F.Fab) (width 0.1))
    (fp_line (start -1.98 14.07) (end -1.98 7.13) (layer F.Fab) (width 0.1))
    (fp_line (start -1.98 7.13) (end -1.98 7.13) (layer F.Fab) (width 0.1))
    (fp_line (start -1.98 7.13) (end -3.18 7.13) (layer F.Fab) (width 0.1))
    (fp_line (start -3.29 -5.21) (end 5.83 -5.21) (layer F.SilkS) (width 0.12))
    (fp_line (start 5.83 -5.21) (end 5.83 15.37) (layer F.SilkS) (width 0.12))
    (fp_line (start 5.83 15.37) (end -3.29 15.37) (layer F.SilkS) (width 0.12))
    (fp_line (start -3.29 15.37) (end -3.29 -5.21) (layer F.SilkS) (width 0.12))
    (fp_line (start -3.29 3.03) (end -1.98 3.03) (layer F.SilkS) (width 0.12))
    (fp_line (start -1.98 3.03) (end -1.98 -3.91) (layer F.SilkS) (width 0.12))
    (fp_line (start -1.98 -3.91) (end 4.52 -3.91) (layer F.SilkS) (width 0.12))
    (fp_line (start 4.52 -3.91) (end 4.52 14.07) (layer F.SilkS) (width 0.12))
    (fp_line (start 4.52 14.07) (end -1.98 14.07) (layer F.SilkS) (width 0.12))
    (fp_line (start -1.98 14.07) (end -1.98 7.13) (layer F.SilkS) (width 0.12))
    (fp_line (start -1.98 7.13) (end -1.98 7.13) (layer F.SilkS) (width 0.12))
    (fp_line (start -1.98 7.13) (end -3.29 7.13) (layer F.SilkS) (width 0.12))
    (fp_line (start -3.68 0) (end -4.68 -0.5) (layer F.SilkS) (width 0.12))
    (fp_line (start -4.68 -0.5) (end -4.68 0.5) (layer F.SilkS) (width 0.12))
    (fp_line (start -4.68 0.5) (end -3.68 0) (layer F.SilkS) (width 0.12))
    (fp_line (start -3.68 -5.6) (end -3.68 15.76) (layer F.CrtYd) (width 0.05))
    (fp_line (start -3.68 15.76) (end 6.22 15.76) (layer F.CrtYd) (width 0.05))
    (fp_line (start 6.22 15.76) (end 6.22 -5.6) (layer F.CrtYd) (width 0.05))
    (fp_line (start 6.22 -5.6) (end -3.68 -5.6) (layer F.CrtYd) (width 0.05))
    (fp_text user %R (at 1.27 5.08 270) (layer F.Fab)
      (effects (font (size 1 1) (thickness 0.15)))
    )
    (pad 1 thru_hole roundrect (at 0 0 180) (size 1.7 1.7) (drill 1) (layers *.Cu *.Mask) (roundrect_rratio 0.147059))
    (pad 3 thru_hole circle (at 0 2.54 180) (size 1.7 1.7) (drill 1) (layers *.Cu *.Mask))
    (pad 5 thru_hole circle (at 0 5.08 180) (size 1.7 1.7) (drill 1) (layers *.Cu *.Mask))
    (pad 7 thru_hole circle (at 0 7.62 180) (size 1.7 1.7) (drill 1) (layers *.Cu *.Mask))
    (pad 9 thru_hole circle (at 0 10.16 180) (size 1.7 1.7) (drill 1) (layers *.Cu *.Mask))
    (pad 2 thru_hole circle (at 2.54 0 180) (size 1.7 1.7) (drill 1) (layers *.Cu *.Mask))
    (pad 4 thru_hole circle (at 2.54 2.54 180) (size 1.7 1.7) (drill 1) (layers *.Cu *.Mask))
    (pad 6 thru_hole circle (at 2.54 5.08 180) (size 1.7 1.7) (drill 1) (layers *.Cu *.Mask))
    (pad 8 thru_hole circle (at 2.54 7.62 180) (size 1.7 1.7) (drill 1) (layers *.Cu *.Mask))
    (pad 10 thru_hole circle (at 2.54 10.16 180) (size 1.7 1.7) (drill 1) (layers *.Cu *.Mask))
    (model ${KISYS3DMOD}/Connector_IDC.3dshapes/IDC-Header_2x05_P2.54mm_Vertical.wrl
      (at (xyz 0 0 0))
      (scale (xyz 1 1 1))
      (rotate (xyz 0 0 0))
    )
  )

  (module Resistor_THT:R_Axial_DIN0204_L3.6mm_D1.6mm_P7.62mm_Horizontal (layer F.Cu) (tedit 5AE5139B) (tstamp 64A44BC1)
    (at 44.45 58.928 150)
    (descr "Resistor, Axial_DIN0204 series, Axial, Horizontal, pin pitch=7.62mm, 0.167W, length*diameter=3.6*1.6mm^2, http://cdn-reichelt.de/documents/datenblatt/B400/1_4W%23YAG.pdf")
    (tags "Resistor Axial_DIN0204 series Axial Horizontal pin pitch 7.62mm 0.167W length 3.6mm diameter 1.6mm")
    (path /6422852A)
    (fp_text reference R1 (at 3.81 -1.92 150) (layer F.SilkS)
      (effects (font (size 1 1) (thickness 0.15)))
    )
    (fp_text value 1000 (at 3.81 1.92 150) (layer F.Fab)
      (effects (font (size 1 1) (thickness 0.15)))
    )
    (fp_text user %R (at 3.81 0 150) (layer F.Fab)
      (effects (font (size 0.72 0.72) (thickness 0.108)))
    )
    (fp_line (start 8.57 -1.05) (end -0.95 -1.05) (layer F.CrtYd) (width 0.05))
    (fp_line (start 8.57 1.05) (end 8.57 -1.05) (layer F.CrtYd) (width 0.05))
    (fp_line (start -0.95 1.05) (end 8.57 1.05) (layer F.CrtYd) (width 0.05))
    (fp_line (start -0.95 -1.05) (end -0.95 1.05) (layer F.CrtYd) (width 0.05))
    (fp_line (start 6.68 0) (end 5.73 0) (layer F.SilkS) (width 0.12))
    (fp_line (start 0.94 0) (end 1.89 0) (layer F.SilkS) (width 0.12))
    (fp_line (start 5.73 -0.92) (end 1.89 -0.92) (layer F.SilkS) (width 0.12))
    (fp_line (start 5.73 0.92) (end 5.73 -0.92) (layer F.SilkS) (width 0.12))
    (fp_line (start 1.89 0.92) (end 5.73 0.92) (layer F.SilkS) (width 0.12))
    (fp_line (start 1.89 -0.92) (end 1.89 0.92) (layer F.SilkS) (width 0.12))
    (fp_line (start 7.62 0) (end 5.61 0) (layer F.Fab) (width 0.1))
    (fp_line (start 0 0) (end 2.01 0) (layer F.Fab) (width 0.1))
    (fp_line (start 5.61 -0.8) (end 2.01 -0.8) (layer F.Fab) (width 0.1))
    (fp_line (start 5.61 0.8) (end 5.61 -0.8) (layer F.Fab) (width 0.1))
    (fp_line (start 2.01 0.8) (end 5.61 0.8) (layer F.Fab) (width 0.1))
    (fp_line (start 2.01 -0.8) (end 2.01 0.8) (layer F.Fab) (width 0.1))
    (pad 2 thru_hole oval (at 7.62 0 150) (size 1.4 1.4) (drill 0.7) (layers *.Cu *.Mask)
      (net 11 GND))
    (pad 1 thru_hole circle (at 0 0 150) (size 1.4 1.4) (drill 0.7) (layers *.Cu *.Mask)
      (net 14 "Net-(D10-Pad1)"))
    (model ${KISYS3DMOD}/Resistor_THT.3dshapes/R_Axial_DIN0204_L3.6mm_D1.6mm_P7.62mm_Horizontal.wrl
      (at (xyz 0 0 0))
      (scale (xyz 1 1 1))
      (rotate (xyz 0 0 0))
    )
  )

  (module Resistor_THT:R_Axial_DIN0204_L3.6mm_D1.6mm_P7.62mm_Horizontal (layer F.Cu) (tedit 5AE5139B) (tstamp 64A44BD8)
    (at 48.26 58.928 150)
    (descr "Resistor, Axial_DIN0204 series, Axial, Horizontal, pin pitch=7.62mm, 0.167W, length*diameter=3.6*1.6mm^2, http://cdn-reichelt.de/documents/datenblatt/B400/1_4W%23YAG.pdf")
    (tags "Resistor Axial_DIN0204 series Axial Horizontal pin pitch 7.62mm 0.167W length 3.6mm diameter 1.6mm")
    (path /6422A496)
    (fp_text reference R2 (at 3.81 -1.92 150) (layer F.SilkS)
      (effects (font (size 1 1) (thickness 0.15)))
    )
    (fp_text value 1000 (at 3.81 1.92 150) (layer F.Fab)
      (effects (font (size 1 1) (thickness 0.15)))
    )
    (fp_line (start 2.01 -0.8) (end 2.01 0.8) (layer F.Fab) (width 0.1))
    (fp_line (start 2.01 0.8) (end 5.61 0.8) (layer F.Fab) (width 0.1))
    (fp_line (start 5.61 0.8) (end 5.61 -0.8) (layer F.Fab) (width 0.1))
    (fp_line (start 5.61 -0.8) (end 2.01 -0.8) (layer F.Fab) (width 0.1))
    (fp_line (start 0 0) (end 2.01 0) (layer F.Fab) (width 0.1))
    (fp_line (start 7.62 0) (end 5.61 0) (layer F.Fab) (width 0.1))
    (fp_line (start 1.89 -0.92) (end 1.89 0.92) (layer F.SilkS) (width 0.12))
    (fp_line (start 1.89 0.92) (end 5.73 0.92) (layer F.SilkS) (width 0.12))
    (fp_line (start 5.73 0.92) (end 5.73 -0.92) (layer F.SilkS) (width 0.12))
    (fp_line (start 5.73 -0.92) (end 1.89 -0.92) (layer F.SilkS) (width 0.12))
    (fp_line (start 0.94 0) (end 1.89 0) (layer F.SilkS) (width 0.12))
    (fp_line (start 6.68 0) (end 5.73 0) (layer F.SilkS) (width 0.12))
    (fp_line (start -0.95 -1.05) (end -0.95 1.05) (layer F.CrtYd) (width 0.05))
    (fp_line (start -0.95 1.05) (end 8.57 1.05) (layer F.CrtYd) (width 0.05))
    (fp_line (start 8.57 1.05) (end 8.57 -1.05) (layer F.CrtYd) (width 0.05))
    (fp_line (start 8.57 -1.05) (end -0.95 -1.05) (layer F.CrtYd) (width 0.05))
    (fp_text user %R (at 3.81 0 150) (layer F.Fab)
      (effects (font (size 0.72 0.72) (thickness 0.108)))
    )
    (pad 1 thru_hole circle (at 0 0 150) (size 1.4 1.4) (drill 0.7) (layers *.Cu *.Mask)
      (net 15 "Net-(D11-Pad1)"))
    (pad 2 thru_hole oval (at 7.62 0 150) (size 1.4 1.4) (drill 0.7) (layers *.Cu *.Mask)
      (net 11 GND))
    (model ${KISYS3DMOD}/Resistor_THT.3dshapes/R_Axial_DIN0204_L3.6mm_D1.6mm_P7.62mm_Horizontal.wrl
      (at (xyz 0 0 0))
      (scale (xyz 1 1 1))
      (rotate (xyz 0 0 0))
    )
  )

  (module Resistor_THT:R_Axial_DIN0204_L3.6mm_D1.6mm_P7.62mm_Horizontal (layer F.Cu) (tedit 5AE5139B) (tstamp 64A44BEF)
    (at 52.07 58.928 150)
    (descr "Resistor, Axial_DIN0204 series, Axial, Horizontal, pin pitch=7.62mm, 0.167W, length*diameter=3.6*1.6mm^2, http://cdn-reichelt.de/documents/datenblatt/B400/1_4W%23YAG.pdf")
    (tags "Resistor Axial_DIN0204 series Axial Horizontal pin pitch 7.62mm 0.167W length 3.6mm diameter 1.6mm")
    (path /6422AA1E)
    (fp_text reference R3 (at 3.81 -1.92 150) (layer F.SilkS)
      (effects (font (size 1 1) (thickness 0.15)))
    )
    (fp_text value 1000 (at 3.81 1.92 150) (layer F.Fab)
      (effects (font (size 1 1) (thickness 0.15)))
    )
    (fp_line (start 2.01 -0.8) (end 2.01 0.8) (layer F.Fab) (width 0.1))
    (fp_line (start 2.01 0.8) (end 5.61 0.8) (layer F.Fab) (width 0.1))
    (fp_line (start 5.61 0.8) (end 5.61 -0.8) (layer F.Fab) (width 0.1))
    (fp_line (start 5.61 -0.8) (end 2.01 -0.8) (layer F.Fab) (width 0.1))
    (fp_line (start 0 0) (end 2.01 0) (layer F.Fab) (width 0.1))
    (fp_line (start 7.62 0) (end 5.61 0) (layer F.Fab) (width 0.1))
    (fp_line (start 1.89 -0.92) (end 1.89 0.92) (layer F.SilkS) (width 0.12))
    (fp_line (start 1.89 0.92) (end 5.73 0.92) (layer F.SilkS) (width 0.12))
    (fp_line (start 5.73 0.92) (end 5.73 -0.92) (layer F.SilkS) (width 0.12))
    (fp_line (start 5.73 -0.92) (end 1.89 -0.92) (layer F.SilkS) (width 0.12))
    (fp_line (start 0.94 0) (end 1.89 0) (layer F.SilkS) (width 0.12))
    (fp_line (start 6.68 0) (end 5.73 0) (layer F.SilkS) (width 0.12))
    (fp_line (start -0.95 -1.05) (end -0.95 1.05) (layer F.CrtYd) (width 0.05))
    (fp_line (start -0.95 1.05) (end 8.57 1.05) (layer F.CrtYd) (width 0.05))
    (fp_line (start 8.57 1.05) (end 8.57 -1.05) (layer F.CrtYd) (width 0.05))
    (fp_line (start 8.57 -1.05) (end -0.95 -1.05) (layer F.CrtYd) (width 0.05))
    (fp_text user %R (at 3.81 0 150) (layer F.Fab)
      (effects (font (size 0.72 0.72) (thickness 0.108)))
    )
    (pad 1 thru_hole circle (at 0 0 150) (size 1.4 1.4) (drill 0.7) (layers *.Cu *.Mask)
      (net 18 "Net-(D12-Pad1)"))
    (pad 2 thru_hole oval (at 7.62 0 150) (size 1.4 1.4) (drill 0.7) (layers *.Cu *.Mask)
      (net 11 GND))
    (model ${KISYS3DMOD}/Resistor_THT.3dshapes/R_Axial_DIN0204_L3.6mm_D1.6mm_P7.62mm_Horizontal.wrl
      (at (xyz 0 0 0))
      (scale (xyz 1 1 1))
      (rotate (xyz 0 0 0))
    )
  )

  (module Resistor_THT:R_Axial_DIN0204_L3.6mm_D1.6mm_P7.62mm_Horizontal (layer F.Cu) (tedit 5AE5139B) (tstamp 64A44C06)
    (at 55.88 58.928 150)
    (descr "Resistor, Axial_DIN0204 series, Axial, Horizontal, pin pitch=7.62mm, 0.167W, length*diameter=3.6*1.6mm^2, http://cdn-reichelt.de/documents/datenblatt/B400/1_4W%23YAG.pdf")
    (tags "Resistor Axial_DIN0204 series Axial Horizontal pin pitch 7.62mm 0.167W length 3.6mm diameter 1.6mm")
    (path /6422AF84)
    (fp_text reference R4 (at 3.81 -1.92 210) (layer F.SilkS)
      (effects (font (size 1 1) (thickness 0.15)))
    )
    (fp_text value R (at 3.81 1.92 150) (layer F.Fab)
      (effects (font (size 1 1) (thickness 0.15)))
    )
    (fp_text user %R (at 3.81 0 150) (layer F.Fab)
      (effects (font (size 0.72 0.72) (thickness 0.108)))
    )
    (fp_line (start 8.57 -1.05) (end -0.95 -1.05) (layer F.CrtYd) (width 0.05))
    (fp_line (start 8.57 1.05) (end 8.57 -1.05) (layer F.CrtYd) (width 0.05))
    (fp_line (start -0.95 1.05) (end 8.57 1.05) (layer F.CrtYd) (width 0.05))
    (fp_line (start -0.95 -1.05) (end -0.95 1.05) (layer F.CrtYd) (width 0.05))
    (fp_line (start 6.68 0) (end 5.73 0) (layer F.SilkS) (width 0.12))
    (fp_line (start 0.94 0) (end 1.89 0) (layer F.SilkS) (width 0.12))
    (fp_line (start 5.73 -0.92) (end 1.89 -0.92) (layer F.SilkS) (width 0.12))
    (fp_line (start 5.73 0.92) (end 5.73 -0.92) (layer F.SilkS) (width 0.12))
    (fp_line (start 1.89 0.92) (end 5.73 0.92) (layer F.SilkS) (width 0.12))
    (fp_line (start 1.89 -0.92) (end 1.89 0.92) (layer F.SilkS) (width 0.12))
    (fp_line (start 7.62 0) (end 5.61 0) (layer F.Fab) (width 0.1))
    (fp_line (start 0 0) (end 2.01 0) (layer F.Fab) (width 0.1))
    (fp_line (start 5.61 -0.8) (end 2.01 -0.8) (layer F.Fab) (width 0.1))
    (fp_line (start 5.61 0.8) (end 5.61 -0.8) (layer F.Fab) (width 0.1))
    (fp_line (start 2.01 0.8) (end 5.61 0.8) (layer F.Fab) (width 0.1))
    (fp_line (start 2.01 -0.8) (end 2.01 0.8) (layer F.Fab) (width 0.1))
    (pad 2 thru_hole oval (at 7.62 0 150) (size 1.4 1.4) (drill 0.7) (layers *.Cu *.Mask)
      (net 11 GND))
    (pad 1 thru_hole circle (at 0 0 150) (size 1.4 1.4) (drill 0.7) (layers *.Cu *.Mask)
      (net 19 "Net-(D13-Pad1)"))
    (model ${KISYS3DMOD}/Resistor_THT.3dshapes/R_Axial_DIN0204_L3.6mm_D1.6mm_P7.62mm_Horizontal.wrl
      (at (xyz 0 0 0))
      (scale (xyz 1 1 1))
      (rotate (xyz 0 0 0))
    )
  )

  (module Resistor_THT:R_Axial_DIN0204_L3.6mm_D1.6mm_P7.62mm_Horizontal (layer F.Cu) (tedit 5AE5139B) (tstamp 64A44C1D)
    (at 59.944 58.928 150)
    (descr "Resistor, Axial_DIN0204 series, Axial, Horizontal, pin pitch=7.62mm, 0.167W, length*diameter=3.6*1.6mm^2, http://cdn-reichelt.de/documents/datenblatt/B400/1_4W%23YAG.pdf")
    (tags "Resistor Axial_DIN0204 series Axial Horizontal pin pitch 7.62mm 0.167W length 3.6mm diameter 1.6mm")
    (path /6422CECB)
    (fp_text reference R5 (at 3.81 -1.92 150) (layer F.SilkS)
      (effects (font (size 1 1) (thickness 0.15)))
    )
    (fp_text value R (at 3.81 1.92 150) (layer F.Fab)
      (effects (font (size 1 1) (thickness 0.15)))
    )
    (fp_line (start 2.01 -0.8) (end 2.01 0.8) (layer F.Fab) (width 0.1))
    (fp_line (start 2.01 0.8) (end 5.61 0.8) (layer F.Fab) (width 0.1))
    (fp_line (start 5.61 0.8) (end 5.61 -0.8) (layer F.Fab) (width 0.1))
    (fp_line (start 5.61 -0.8) (end 2.01 -0.8) (layer F.Fab) (width 0.1))
    (fp_line (start 0 0) (end 2.01 0) (layer F.Fab) (width 0.1))
    (fp_line (start 7.62 0) (end 5.61 0) (layer F.Fab) (width 0.1))
    (fp_line (start 1.89 -0.92) (end 1.89 0.92) (layer F.SilkS) (width 0.12))
    (fp_line (start 1.89 0.92) (end 5.73 0.92) (layer F.SilkS) (width 0.12))
    (fp_line (start 5.73 0.92) (end 5.73 -0.92) (layer F.SilkS) (width 0.12))
    (fp_line (start 5.73 -0.92) (end 1.89 -0.92) (layer F.SilkS) (width 0.12))
    (fp_line (start 0.94 0) (end 1.89 0) (layer F.SilkS) (width 0.12))
    (fp_line (start 6.68 0) (end 5.73 0) (layer F.SilkS) (width 0.12))
    (fp_line (start -0.95 -1.05) (end -0.95 1.05) (layer F.CrtYd) (width 0.05))
    (fp_line (start -0.95 1.05) (end 8.57 1.05) (layer F.CrtYd) (width 0.05))
    (fp_line (start 8.57 1.05) (end 8.57 -1.05) (layer F.CrtYd) (width 0.05))
    (fp_line (start 8.57 -1.05) (end -0.95 -1.05) (layer F.CrtYd) (width 0.05))
    (fp_text user %R (at 3.81 0 150) (layer F.Fab)
      (effects (font (size 0.72 0.72) (thickness 0.108)))
    )
    (pad 1 thru_hole circle (at 0 0 150) (size 1.4 1.4) (drill 0.7) (layers *.Cu *.Mask)
      (net 22 "Net-(D14-Pad1)"))
    (pad 2 thru_hole oval (at 7.62 0 150) (size 1.4 1.4) (drill 0.7) (layers *.Cu *.Mask)
      (net 11 GND))
    (model ${KISYS3DMOD}/Resistor_THT.3dshapes/R_Axial_DIN0204_L3.6mm_D1.6mm_P7.62mm_Horizontal.wrl
      (at (xyz 0 0 0))
      (scale (xyz 1 1 1))
      (rotate (xyz 0 0 0))
    )
  )

  (module Resistor_THT:R_Axial_DIN0204_L3.6mm_D1.6mm_P7.62mm_Horizontal (layer F.Cu) (tedit 5AE5139B) (tstamp 64A44C34)
    (at 63.754 58.928 150)
    (descr "Resistor, Axial_DIN0204 series, Axial, Horizontal, pin pitch=7.62mm, 0.167W, length*diameter=3.6*1.6mm^2, http://cdn-reichelt.de/documents/datenblatt/B400/1_4W%23YAG.pdf")
    (tags "Resistor Axial_DIN0204 series Axial Horizontal pin pitch 7.62mm 0.167W length 3.6mm diameter 1.6mm")
    (path /6422CED1)
    (fp_text reference R6 (at 3.81 -1.92 150) (layer F.SilkS)
